# url, ships, atk per ship, defender shield, totalFirepower, totalShieldAbsorbtion
https://ogmem.com/show/644657-f7ac68c6 100 3000 120000 300000 149400
https://ogmem.com/show/640486-a95f7058 300 3 290 900 299
https://ogmem.com/show/641214-d30fbaf8 300 2.8 280 600 600
https://ogmem.com/show/641214-d30fbaf8 1 145 26 145 26
https://ogmem.com/show/641216-ca7ac53b 300 2.8 290 600 600
https://ogmem.com/show/642066-901ee23a 300 3 300 900 900
https://ogmem.com/show/642637-e6eaad3f 1 135 26 135 26
https://ogmem.com/show/642678-2c0f9c3f 1 1200 2.6 1200 3
https://ogmem.com/show/642678-2c0f9c3f 1 2.8 150 2 2
https://ogmem.com/show/645572-8c896ab4 100 1280 110000 128000 127820
https://ogmem.com/show/644799-f38a0e09 300 3 320 900 900
https://ogmem.com/show/644777-e1be8df0 300 3.2 300 900 900 
https://ogmem.com/show/644773-790eb52a 100 3000 160000 300000 298600
https://ogmem.com/show/644766-ca08bf41 100 1280 120000 128000 127920
https://ogmem.com/show/644700-ad1b812d 100 3000 150000 300000 153000
https://ogmem.com/show/645872-09fed282 10000 1280 110000 12800000 127820
https://ogmem.com/show/646076-1a8b9966 50000 1600 50000 80000000 53300
https://ogmem.com/show/646075-3a63a757 50000 1600 80000 80000000 81600
https://ogmem.com/show/648619-acc5e715 100 3000 150000 300000 153000
https://ogmem.com/show/648635-fb6d2e96 100 3000 150000 300000 153000
https://ogmem.com/show/648629-aaf90696 50 6000 150000 300000 151500
https://ogmem.com/show/650064-cec8a3ba 6 1200 6000 7200 6060
https://ogmem.com/show/650072-99377532 3 3000 6000 9000 6000
https://ogmem.com/show/650080-7ed3289d 2 6000 6000 12000 6000
https://ogmem.com/show/650082-74e8a419 26 1200 30000 31200 30300
https://ogmem.com/show/650081-bd5957e6 11 3000 30000 33000 30300
https://ogmem.com/show/650214-6fcbcbc2 6 6000 30000 36000 30300
https://ogmem.com/show/650631-89ccec79 35 3000 100000 105000 100000
https://ogmem.com/show/650663-83557b50 21 5000 100000 105000 101000
https://ogmem.com/show/651244-77a18a3f 5 5000 20000 25000 20000
https://ogmem.com/show/650968-71b63746 4 6000 20000 24000 20000
https://ogmem.com/show/650967-fbc0320a 4 450 1500 1800 1500
https://ogmem.com/show/651401-19231591 3 2000 5000 6000 5050
https://ogmem.com/show/645921-719f07bd 9967 1280 120000 12757760 127920
https://ogmem.com/show/648609-d70814b6 10000 1280 125000 12800000 127970
https://ogmem.com/show/589957-8b49570b 49866 1400 140000 69812400 69812400
https://ogmem.com/show/658353-8c4c6d7a 1000 1200 120000 1200000 1200000 
